ID; sec/key; sec/enc; ENC KB/sec; sec/dec; DEC KB/sec
0(0): 0.357214 0.000672 248.500279 0.001627 102.638099 
0(1): 0.361221 0.000522 1167.385057 0.001450 420.258621 
1(0): 0.168040 0.000383 359.517787 0.001193 115.419373 
1(1): 0.173490 0.000374 1316.009358 0.001252 393.121006 
2(0): 1.251902 0.001267 211.961079 0.003000 89.518229 
2(1): 1.249888 0.001144 859.614019 0.002964 331.780849 
3(0): 0.619842 0.000812 274.207204 0.002309 96.429731 
3(1): 0.627005 0.000776 1030.676144 0.002204 362.887789 
4(0): 3.138251 0.003056 118.555199 0.010748 33.709033 
4(1): 3.203978 0.003099 430.141275 0.011631 114.608186 
5(0): 1.762938 0.002267 137.416602 0.008988 34.659929 
5(1): 1.888079 0.002050 552.115091 0.007980 141.834077 
